pop_2010.asc
ncols         261
nrows         433
xllcorner     336357.134
yllcorner     654653.479
cellsize      1000
NODATA_value  -9999
[rows 116 to 144 of 433, columns 132 to 197 of 261]
16.26299 54.77557 85.91634 50.80484 20.10401 17.36067 24.69605 68.37933 78.42167 58.23769 47.82259 44.90471 45.48275 41.12151 24.17446 8.87494 9.098581 7.974215 7.323427 7.075434 9.690974 12.54198 12.2741 10.97583 9.679986 8.501974 7.393104 6.504337 6.206369 6.639473 17.67131 28.36033 23.89879 13.07194 12.05152 12.02078 12.02078 12.02078 12.25829 14.70497 31.40006 52.23717 88.44769 129.1979 -9999 -9999 -9999 -9999 -9999 -9999 -9999 -9999 -9999 -9999 -9999 -9999 -9999 -9999 -9999 -9999 -9999 -9999 -9999 -9999 -9999 -9999
11.37411 31.28723 59.05677 46.77591 14.73375 14.73375 22.02777 59.41675 85.79482 57.15856 39.50904 26.40121 25.36546 23.59414 29.94215 53.10793 57.16973 32.71548 18.73771 7.394252 10.90097 14.40711 14.42346 14.12908 13.8305 13.52091 13.05665 11.84219 11.8172 19.29559 43.10396 46.19181 39.60197 23.62834 13.33197 12.08314 12.02078 12.02379 12.39277 15.87255 68.82039 114.978 139.0892 153.2054 -9999 -9999 -9999 -9999 -9999 -9999 -9999 -9999 -9999 -9999 -9999 -9999 -9999 -9999 -9999 -9999 -9999 -9999 -9999 -9999 -9999 -9999
8.27936 13.12368 26.61237 29.01434 14.73375 14.73375 22.04687 57.36331 74.58524 60.42887 42.7928 23.61202 22.86277 51.16633 152.2498 250.3794 235.9279 194.9794 123.947 6.859555 8.482545 10.7927 11.81275 12.86306 14.31525 14.74042 14.6958 15.81248 25.31434 40.37223 50.15321 50.23424 48.52111 41.56857 26.49093 14.13754 12.15266 12.27689 13.60471 19.09097 82.32114 141.3799 154.2242 156.4439 -9999 -9999 -9999 -9999 -9999 -9999 -9999 -9999 -9999 -9999 -9999 -9999 -9999 -9999 -9999 -9999 -9999 -9999 -9999 -9999 -9999 -9999
7.878349 8.707358 12.48469 15.84366 14.73375 14.73712 18.67758 38.88849 59.93024 45.08222 29.02819 22.27424 34.81043 99.98979 208.3305 254.1588 210.7077 159.1823 101.2039 6.720893 6.807084 7.241834 7.755507 9.678404 13.04115 14.74062 14.74062 16.36326 27.65387 44.25652 -9999 49.81914 49.67679 48.46091 41.24924 25.554 15.80406 17.15591 20.23399 23.01124 34.54026 81.32761 132.1468 154.0806 -9999 -9999 -9999 146.0558 -9999 -9999 -9999 -9999 -9999 -9999 -9999 -9999 -9999 -9999 -9999 -9999 -9999 -9999 -9999 -9999 -9999 -9999
7.880466 8.171844 9.878245 13.00947 14.77985 14.80778 16.13621 21.90317 29.99389 24.9515 22.37591 35.55145 94.397 177.2639 210.8065 178.4894 113.3315 81.4792 60.84711 10.11382 6.538631 6.538631 6.870507 9.136506 12.93426 14.74062 14.74062 15.35958 21.20692 37.54045 43.87659 35.75351 33.98962 34.6379 29.97623 22.84286 21.64692 25.45381 25.30882 19.555 14.23835 24.14476 49.00992 96.10015 136.9939 122.4795 84.14387 57.26463 62.38139 -9999 -9999 -9999 -9999 -9999 -9999 -9999 -9999 -9999 -9999 -9999 -9999 -9999 -9999 -9999 -9999 -9999
7.963396 9.214587 13.63056 17.43911 15.98354 15.03431 16.10878 18.76183 20.93557 20.53386 23.45713 47.96252 115.5965 179.4206 176.3134 123.0532 72.924 65.86009 55.0744 18.17903 -9999 6.538631 6.920982 9.434669 13.24287 14.74061 14.77914 15.42941 19.82856 32.33293 31.26066 -9999 21.2821 21.4753 20.49918 19.50998 20.25593 22.38357 19.54589 13.72179 12.27142 12.538 16.31607 32.78019 52.97987 43.74699 23.24368 -9999 22.66424 120.4697 -9999 -9999 -9999 -9999 -9999 -9999 -9999 -9999 -9999 -9999 -9999 -9999 -9999 -9999 -9999 -9999
8.992032 14.44046 23.42059 26.56169 22.3153 18.04766 17.03102 18.94181 20.54948 20.71647 22.4223 33.67705 -9999 -9999 124.6592 -9999 66.43313 62.86505 52.18522 20.21535 6.538631 6.538631 6.979958 9.782716 13.60392 14.78625 15.9437 21.88413 28.501 28.85675 21.64363 19.07261 18.98872 18.98871 18.9863 18.95872 18.81427 18.11841 15.7212 13.04609 12.27142 12.27142 12.42503 13.91304 16.42942 15.02696 12.38343 13.40844 -9999 102.4174 690.623 -9999 -9999 -9999 -9999 -9999 -9999 -9999 -9999 -9999 -9999 -9999 -9999 -9999 -9999 -9999
13.90469 23.14528 29.81504 30.47383 29.41109 27.80595 25.0652 21.83006 21.48159 25.30747 36.273 51.5876 64.43858 -9999 -9999 61.50562 56.88284 51.62812 45.53642 20.89444 7.244812 7.325087 7.846642 10.39279 14.1648 16.65976 23.87124 37.20004 44.42868 43.76359 30.52574 20.2861 18.98872 18.98666 18.91166 18.41403 17.56864 16.81751 15.98338 14.23864 12.27178 12.27154 12.28139 12.35243 12.3916 12.42339 13.63284 -9999 51.93052 333.6957 586.4776 -9999 -9999 -9999 -9999 -9999 -9999 -9999 -9999 -9999 -9999 -9999 -9999 -9999 -9999 -9999
27.23095 29.92304 30.95283 31.01012 31.19564 30.82563 27.85069 24.2888 33.08952 45.50945 58.99762 65.6825 -9999 66.81663 -9999 56.17072 50.87842 44.87098 43.67269 31.47497 22.88944 25.21375 28.51295 31.54357 34.57908 36.96829 40.51062 46.32148 48.13942 47.46339 28.66447 19.37615 19.09107 19.08399 18.60228 17.47985 16.6813 16.55377 16.42172 15.67272 12.45957 12.46757 12.77265 14.94643 16.25865 14.66041 16.42962 21.29921 53.18032 329.936 -9999 0 -9999 -9999 -9999 -9999 -9999 -9999 -9999 -9999 -9999 -9999 -9999 -9999 -9999 -9999
53.29229 36.95386 31.94578 32.52756 36.22352 40.53619 41.7396 42.57085 46.73932 54.04317 64.50243 70.21499 69.66788 66.2893 61.12782 55.88543 50.1442 43.93901 43.55378 43.45448 53.51902 66.65884 68.33868 69.0425 68.93078 63.97507 53.74226 48.29722 48.45107 46.12387 22.18021 20.14989 21.57769 22.45199 20.44889 17.27554 16.52045 16.52045 16.51229 16.50522 17.38119 17.99059 18.67306 20.51463 22.22688 21.82796 22.21853 23.91855 44.94023 191.036 308.9309 219.6727 0 -9999 -9999 -9999 -9999 -9999 -9999 -9999 -9999 -9999 -9999 -9999 -9999 -9999
74.6366 63.78237 49.79811 41.79351 44.35571 48.04403 49.92969 51.45842 55.65985 64.61489 72.00042 74.35439 73.42445 68.01237 60.19657 55.95606 50.72861 44.47781 43.08824 43.29665 54.4575 71.32124 77.97005 77.87489 76.52754 68.24389 56.58398 55.17729 58.53511 49.84597 23.45613 24.32973 24.89598 24.69701 21.16744 17.2211 16.85285 16.73878 16.62476 16.59628 19.62267 22.16066 22.79361 23.13832 23.48702 23.49877 24.27314 34.19618 78.35481 143.7481 -9999 148.6764 119.652 -9999 -9999 -9999 -9999 -9999 -9999 -9999 -9999 -9999 -9999 -9999 -9999 -9999
79.85394 75.95625 62.82743 49.22831 49.92498 63.34557 92.10621 111.8923 73.85978 73.91602 75.39008 75.41176 74.20815 67.99967 59.25296 54.64659 48.80978 43.67686 42.51458 41.3915 46.5022 65.18533 81.92243 80.0827 77.14572 73.10134 80.9817 98.05977 96.56972 66.96499 25.30379 25.55658 25.6088 25.86064 27.34531 27.70463 25.26103 22.57699 19.74225 17.47606 17.6964 20.44945 22.8788 23.42365 23.49086 23.94088 31.63809 72.68416 122.5096 139.645 -9999 -9999 90.98797 0 -9999 -9999 -9999 -9999 -9999 -9999 -9999 -9999 -9999 -9999 -9999 -9999
76.01685 58.19703 42.58024 42.15499 55.00942 110.3434 187.4941 193.1284 105.1554 106.1148 99.47961 83.2775 70.98061 65.76958 59.16137 52.48462 44.95535 42.60903 41.46988 41.47626 45.36427 57.96877 72.00068 78.76431 86.53799 95.08431 104.2818 110.6156 105.8106 71.81187 25.60644 25.60644 25.60917 26.32177 31.19487 36.64855 37.44239 37.52301 35.87989 26.47301 15.70723 12.2792 8.474783 13.45268 23.41691 34.89204 49.74601 73.13926 104.5117 126.8512 133.6976 284.5853 -9999 505.0263 -9999 -9999 -9999 -9999 -9999 -9999 -9999 -9999 -9999 -9999 -9999 -9999
69.49308 46.60914 35.7448 36.166 42.79843 81.53386 159.4068 195.7377 112.8822 112.7737 107.1886 86.07162 64.83434 63.17702 61.00836 54.27914 44.46095 40.51949 40.18064 44.98942 53.95874 60.25878 60.72189 59.97246 68.13796 84.42152 95.24073 98.91039 95.82318 62.73328 25.60644 25.60644 25.60349 25.65808 26.36421 28.87267 33.81984 37.37949 36.83055 31.21517 10.5028 5.350441 3.661196 7.882937 25.28134 44.4281 50.74693 54.20544 60.09444 65.38876 76.78107 -9999 -9999 583.8204 492.3124 -9999 -9999 -9999 -9999 -9999 -9999 -9999 -9999 -9999 -9999 -9999
64.88027 40.83115 34.9673 34.99366 37.66394 55.29313 95.60799 130.4651 111.7077 111.9367 104.4776 82.81899 63.11178 62.40626 60.98519 53.09279 42.20789 38.8452 38.86233 49.10342 59.81999 61.6881 58.68759 54.92671 59.77407 77.88802 92.8624 92.61166 81.55935 51.02007 26.53597 25.69343 25.58812 25.05445 23.74879 23.48377 26.62403 33.07037 36.65932 30.32774 4.637988 3.008209 2.837211 4.321801 15.28057 37.4384 50.65202 50.83616 50.4009 49.35635 66.88718 467.7987 575.1096 557.9598 438.4146 -9999 -9999 -9999 -9999 -9999 -9999 -9999 -9999 -9999 -9999 -9999
69.26363 41.01131 35.26676 35.24104 36.21416 39.4355 45.92615 56.44139 101.1687 99.03518 76.57014 62.66248 62.55278 62.08999 58.89153 48.81153 39.33142 38.53307 39.07944 53.95843 61.95157 61.76043 58.59562 54.25031 56.24598 75.19861 102.242 110.6284 101.9631 85.30137 47.13747 28.34124 26.69177 26.69968 24.61387 23.35592 28.25568 37.98934 37.11861 19.36147 2.927155 2.78913 2.78913 2.965446 6.05828 22.0836 42.92672 49.02758 41.28844 34.74794 58.61172 -9999 364.4372 372.7736 366.5752 520.5541 -9999 -9999 -9999 -9999 -9999 -9999 -9999 -9999 -9999 -9999
94.79765 57.5974 40.41577 35.70442 36.32138 36.46155 36.89206 41.69691 79.78702 71.94727 52.77511 55.92978 62.20011 60.49483 52.30648 41.63879 38.57032 38.53306 -9999 55.90405 62.26066 61.79346 58.7896 54.34056 54.23825 66.74102 96.00867 116.3382 113.5377 104.0163 70.58813 45.712 29.11398 27.21256 32.89529 32.81651 36.68771 40.09806 25.30384 7.893248 2.78913 2.78913 2.78913 2.789554 3.142066 7.399927 21.97105 34.18969 32.14469 36.73873 76.0647 189.7775 223.0987 290.1073 371.175 561.4399 -9999 -9999 -9999 -9999 -9999 -9999 -9999 -9999 -9999 -9999
86.76 66.37318 46.50311 36.26636 36.45561 36.6687 39.11235 47.78965 54.07055 49.39347 45.5109 51.57832 58.45677 55.75625 46.94101 38.84912 38.53307 38.53307 38.75425 52.00566 61.90418 61.97422 59.91999 55.55663 52.97918 55.98886 68.59564 87.8482 91.56014 80.66345 70.61516 56.10902 32.32438 20.07299 25.39326 30.47649 30.12793 23.07758 10.72105 3.368793 2.78913 2.78913 2.78913 2.78913 2.796268 3.777881 12.00636 23.73921 27.60872 32.7304 74.67113 203.4863 213.0376 267.7876 363.4416 570.3986 -9999 -9999 -9999 -9999 -9999 -9999 -9999 -9999 -9999 -9999
80.45457 75.28136 62.53948 46.1515 38.34129 39.52003 47.03403 57.49487 50.4297 44.49936 42.66324 43.1207 44.61267 43.85893 41.27343 38.769 38.55738 38.53402 38.51118 46.06872 56.59371 61.43845 61.30939 57.76697 53.58097 52.89794 54.74104 60.09665 66.97646 70.4929 67.83684 47.79077 22.84399 17.5774 18.54144 19.83661 18.95719 12.66707 5.005903 2.78918 2.78913 2.78913 2.78913 2.78913 2.780804 3.573703 11.00472 21.23247 23.72528 24.85098 40.5408 195.3386 204.2586 307.8606 -9999 1134.266 -9999 -9999 -9999 -9999 -9999 -9999 -9999 -9999 -9999 -9999
79.94741 79.42504 76.34389 68.23505 59.33289 57.65287 60.98944 62.41693 48.42075 43.89098 41.66186 41.10267 41.10246 41.03169 40.63843 40.05111 39.52628 39.00951 38.62584 36.44793 41.02532 51.57344 60.3037 59.97816 55.72519 -9999 -9999 53.26616 56.35772 63.13169 67.63455 47.99265 23.06028 17.41257 17.41257 17.40286 16.48108 10.33943 3.571539 2.78913 2.78913 2.78913 2.78913 2.78913 2.739007 2.429698 2.868258 4.29152 6.606187 15.55178 29.01779 131.1218 215.435 1026.794 -9999 -9999 -9999 -9999 -9999 -9999 -9999 -9999 -9999 -9999 -9999 -9999
79.97959 79.97896 79.19495 74.79758 67.75085 64.62823 64.6476 63.26425 47.41911 43.75371 41.321 41.10267 41.10266 41.1315 41.96646 45.79017 49.42797 47.64526 45.39085 36.38998 34.80253 44.59307 57.74728 61.79659 59.95803 55.96567 -9999 52.72497 53.13527 54.87234 63.0565 51.68409 27.95449 17.41257 17.41257 17.19302 14.94816 8.262568 2.940257 2.78913 2.78913 2.78913 2.78913 2.789091 2.687864 1.824859 0.5809548 1.045384 8.64506 21.86138 48.05299 158.7997 276.1447 1640.745 4669.542 5832.107 -9999 -9999 -9999 -9999 -9999 -9999 -9999 -9999 -9999 -9999
79.77243 80.06812 81.10475 81.80708 79.79195 75.09069 70.81571 68.3246 55.53251 48.95753 42.16842 41.19013 41.10947 41.47468 44.2365 51.3445 56.90939 56.51593 54.83067 36.36126 34.09906 43.09221 56.8102 62.24442 61.77042 59.24158 -9999 52.68608 52.68617 52.76094 48.10489 33.06898 19.4546 -9999 17.41257 17.22734 15.2839 9.188604 3.625893 2.791201 2.78913 2.78913 2.78913 2.794042 2.709586 1.753258 0.94888 4.477105 15.3936 30.30513 89.13632 532.0464 1166.125 3395.963 5374.997 6148.568 -9999 -9999 -9999 -9999 -9999 -9999 -9999 -9999 -9999 -9999
75.67213 77.94588 82.07528 84.51417 84.37449 84.04296 86.65521 88.76575 65.7143 60.262 49.58622 43.30227 41.85114 43.40457 49.13479 56.25315 59.16074 60.71476 59.164 33.50343 33.59784 40.20053 53.58701 62.04043 61.92448 -9999 -9999 52.67614 52.55257 51.63696 32.36537 18.25893 -9999 17.39526 17.41257 17.37951 16.88018 14.12029 7.710545 3.008532 2.798063 2.78913 2.78913 2.958041 4.70716 9.283619 11.66083 14.4311 21.76217 31.89861 104.066 439.6034 2123.655 3859.1 4316.042 4806.282 -9999 -9999 -9999 -9999 -9999 -9999 -9999 -9999 -9999 -9999
66.50025 69.52764 78.81406 84.73277 85.13131 87.64314 95.75585 102.6741 110.2241 112.1111 76.71044 57.17124 54.06219 54.33428 57.15722 62.25421 73.89441 85.91824 74.69734 -9999 32.84558 35.17754 44.73991 57.2844 61.64003 59.27213 -9999 52.27986 49.25779 39.016 16.95511 14.15277 -9999 -9999 17.41257 17.41257 17.37747 16.75947 13.3866 7.135915 3.261647 2.82686 2.794532 3.275315 7.704573 16.71545 21.72751 23.05963 38.28814 114.2875 264.2432 478.7942 2385.74 -9999 3420.99 -9999 6606.042 -9999 -9999 -9999 -9999 -9999 -9999 -9999 -9999 -9999
65.76595 62.9548 68.03258 90.36238 118.0827 122.4558 113.4884 111.3263 136.6607 169.0192 188.8292 199.0621 227.7051 194.6531 107.1715 100.8102 102.0825 89.39436 50.35748 22.29536 29.62419 32.35541 32.87995 35.58464 43.83009 51.33514 46.24074 31.01417 18.10462 14.02598 13.55 13.58426 14.04198 15.8122 17.39837 17.36829 17.17115 16.53118 15.29274 13.96836 13.00238 10.40501 6.239336 4.105457 12.71174 22.3247 27.36619 66.64912 178.7863 345.1397 439.3001 450.7441 841.0698 -9999 -9999 -9999 -9999 2762.645 -9999 -9999 -9999 -9999 -9999 -9999 -9999 -9999
70.22782 64.25019 67.46134 94.32787 128.4173 134.2924 128.8292 125.457 135.616 -9999 198.0819 274.59 328.3701 252.972 129.1514 104.3898 99.38875 71.32627 30.21659 16.48751 20.46109 26.1771 30.54804 32.22243 33.18827 31.11927 23.32255 16.33148 13.82016 13.55 13.55 13.56185 13.86219 15.42667 17.0673 16.62627 15.16581 14.12267 13.81044 13.58871 13.55 13.07693 10.99486 8.586548 15.01321 23.40152 32.43683 104.1002 202.1262 298.0037 399.8851 439.8106 703.8971 -9999 -9999 -9999 -9999 1191.302 -9999 -9999 -9999 -9999 -9999 -9999 -9999 -9999
74.51922 70.59431 72.776 83.49107 102.2471 124.56 136.459 135.3203 136.0071 155.4781 234.4682 331.0851 337.3758 280.5656 186.2069 105.366 90.41727 51.87793 17.22282 14.96642 15.56607 16.91405 18.47869 19.83227 20.20697 18.08687 14.80663 13.55 13.55 13.55 13.55 13.55128 13.70455 14.73839 16.10618 15.43938 -9999 13.5547 13.55 13.55 13.55 13.51505 13.25712 13.32644 18.23434 24.40233 40.69961 123.9442 206.9733 252.9347 354.2298 393.6784 364.0867 -9999 -9999 -9999 -9999 957.4785 957.4785 -9999 -9999 -9999 -9999 -9999 -9999 -9999
77.89306 77.21304 77.5778 79.75313 89.11588 110.0371 133.8053 146.0102 139.0889 170.9929 244.3352 278.4985 208.7866 163.626 181.2432 137.8867 74.90556 32.36907 14.77242 14.65884 14.37919 13.75506 12.93843 12.29497 11.94724 12.1165 12.98159 13.55 13.55 13.55 13.55 13.55 13.57541 13.76171 14.03551 13.89511 13.57429 13.55 13.55 13.55 13.55 13.66881 16.8577 33.22855 37.65789 28.11499 63.6759 149.4652 -9999 -9999 0 265.9794 269.0964 0 -9999 -9999 -9999 957.4785 -9999 -9999 -9999 -9999 -9999 -9999 -9999 -9999
78.81274 78.53047 77.51385 75.15934 74.79911 86.70043 124.6845 158.5381 134.0233 138.2373 148.9274 140.3709 105.4877 91.12975 -9999 100.8085 52.95102 15.26784 12.57652 11.50255 10.92578 10.65447 10.41024 10.1747 10.17313 11.10985 12.77128 13.55 13.55 13.55 13.55 13.55 13.55 13.55064 13.55414 13.55422 13.55 13.55 13.55 13.55 13.55 15.23731 30.52585 62.70097 63.86184 38.6499 73.08828 152.771 -9999 -9999 -9999 0 347.0031 473.1102 -9999 -9999 -9999 -9999 -9999 -9999 -9999 -9999 -9999 -9999 -9999 -9999
