pop_2010.asc
ncols         261
nrows         433
xllcorner     336357.134
yllcorner     654653.479
cellsize      1000
NODATA_value  -9999
[rows 319 to 347 of 433, columns 132 to 197 of 261]
486.2052 485.4456 492.0661 513.4299 497.0555 551.1592 972.6556 963.4916 816.3821 544.0494 409.4704 231.6529 203.8977 291.8648 372.241 486.4582 680.0993 820.2915 978.4828 785.5928 874.546 762.72 536.0187 373.5021 424.9212 424.0118 389.0673 287.1877 226.4091 412.0915 432.2025 408.9915 429.5981 617.3249 820.3726 843.7892 662.3658 552.9901 589.7228 636.4837 633.6957 614.6591 568.0725 603.3123 698.6929 662.2756 511.7251 516.5457 623.3851 564.3094 342.9862 343.3597 269.484 196.0624 173.5924 152.2721 117.1673 115.314 169.4504 211.0831 189.4759 128.1021 139.6287 174.8315 219.2292 146.358
696.6982 830.324 953.4456 903.808 744.1663 605.1816 600.8453 677.8752 631.7437 426.783 255.313 174.9564 236.2545 353.9465 421.3638 552.363 837.938 1059.741 1031.99 941.4561 998.0288 849.1136 578.3859 618.1409 624.3555 456.5889 318.1902 240.4328 297.231 604.7222 621.3502 634.1783 654.0512 719.2823 685.2055 639.1081 543.5708 495.7564 503.6274 497.2844 482.5021 559.8452 518.6327 495.615 507.3496 464.7266 445.2292 828.669 1507.386 1507.378 609.4623 353.6468 255.8699 177.0139 120.8936 88.91981 88.56849 116.866 175.2886 215.023 185.2201 128.4392 142.1854 179.8119 179.0215 123.0275
765.2789 825.4349 713.2824 561.7487 516.9465 494.3854 809.6868 901.7329 647.9848 342.2358 178.5273 220.4449 441.0195 667.3013 658.8111 654.8261 785.6121 967.9291 1124.52 1164.382 1230.32 1000.502 641.9489 682.9245 669.3312 459.679 259.3741 239.9637 403.9312 602.2753 536.2302 504.5706 592.9318 695.6047 657.9601 579.9284 485.1188 455.6049 430.1045 392.9401 428.0511 599.8261 333.3162 261.3271 299.546 441.9103 774.3604 1178.986 1355.082 1366.094 967.7921 326.6268 286.7744 240.6378 167.5291 117.3676 133.2379 197.3323 221.6109 202.6739 176.7235 145.2443 158.5499 200.8459 189.3842 130.2379
784.6384 727.2489 587.8275 426.3871 392.8813 390.1617 587.2805 510.6933 492.8107 419.7383 299.272 454.6413 877.1936 1016.659 869.9644 826.9823 874.3209 939.4639 966.1423 1252.365 1494.314 1075.528 754.4997 729.2065 564.8185 361.0044 282.7727 249.0985 372.3374 532.8499 498.0456 514.8658 574.7657 656.8605 638.088 551.2047 464.171 456.8558 441.627 405.4656 421.1686 627.1702 424.8565 368.8083 390.1667 483.4171 571.0123 677.2637 696.4866 518.0394 338.3293 212.7861 278.1182 259.4662 221.1191 219.2 274.0356 308.5336 261.9059 203.5737 191.7898 173.4957 176.4157 215.9689 192.2438 147.5326
857.1216 740.4023 628.7349 470.7546 373.5026 292.4023 201.0791 215.6716 228.8848 229.0267 229.6197 298.8114 461.1587 648.1318 788.1081 803.0813 782.7592 844.898 956.194 924.7489 1157.363 1157.926 1028.318 956.4633 625.9526 425.8065 253.5228 234.1352 307.5603 529.1685 545.8676 550.6369 547.3125 583.7496 597.6498 564.2396 522.1488 536.5143 541.6725 521.5807 532.1447 571.494 422.25 446.8054 520.5774 572.9451 541.1371 480.7458 405.8719 336.8398 243.281 177.2468 232.8764 254.974 238.5005 259.4562 319.0127 315.9502 272.0061 218.427 194.5856 179.8139 189.3558 222.7827 215.6805 165.2267
843.6153 684.4852 598.4567 488.3914 380.9207 239.611 55.9578 65.24834 84.19285 122.2643 177.7113 223.5517 323.4403 628.4117 892.9814 822.6027 800.0791 967.199 1314.238 1321.179 1643.955 1740.903 1439.509 1021.949 616.6502 480.1611 313.9477 404.0604 510.6192 574.7327 594.4902 565.1238 519.1082 499.6343 501.7519 524.0789 590.2956 687.5322 711.9119 689.0688 699.4808 478.1411 379.6471 444.7637 518.4644 527.0425 497.718 404.8964 283.0295 207.2233 175.7442 176.9946 211.2318 263.2045 280.7734 325.2411 389.5258 365.9009 326.2789 312.1461 274.4232 209.0441 199.9222 216.8891 268.9802 225.6208
869.1765 612.9781 440.8108 461.7254 408.6166 209.3693 42.3615 43.19987 45.99679 64.18079 127.433 195.4037 258.6837 502.0317 770.5859 810.1364 933.8218 1195.679 1220.008 1488.339 1754.553 1552.7 1301.569 962.3337 604.4024 505.1669 457.6835 567.9644 729.5134 663.8564 566.5187 533.222 481.7643 460.1195 467.1935 489.2316 562.3163 683.5673 722.0229 679.5541 667.9183 405.452 377.9385 461.5966 551.038 523.806 464.0015 387.3651 301.0542 223.2003 177.8416 211.4496 211.3459 354.8019 444.7471 512.5076 648.6992 706.002 578.8613 469.0969 411.2758 265.862 189.7127 215.658 336.6422 343.7201
512.9773 411.649 386.0104 362.119 239.3578 128.4722 29.89128 32.59283 35.46641 42.65734 70.64823 121.0076 168.9781 206.0992 260.465 370.5957 502.2191 607.2385 602.7082 688.663 832.022 870.9103 876.1885 925.6939 867.3369 729.9381 566.4395 459.1308 489.5634 566.9601 569.6132 526.8813 446.0563 415.6454 486.3916 650.4616 734.8658 705.4483 757.4842 706.0426 582.7194 475.4046 460.1063 533.9834 605.8325 450.762 220.7377 171.7617 148.9974 137.686 117.8453 98.01118 103.525 152.3087 200.5346 212.7348 236.7994 261.1252 283.7861 303.4296 271.8721 217.6617 181.5944 199.6407 320.7688 345.0339
620.3082 629.6672 630.6033 538.1988 300.5608 131.6855 30.60948 27.49551 27.84387 28.62574 37.35382 79.04959 152.7885 205.2303 250.6595 329.5559 401.9388 464.298 568.8591 701.2887 829.113 818.5453 817.6138 863.2604 874.6288 771.7962 582.4647 501.8204 571.9368 757.6506 870.925 783.6689 541.5133 441.1602 582.7347 725.1401 630.5461 541.9639 485.2414 353.6825 348.8204 499.1404 476.7256 494.5599 401.5812 233.7122 173.0356 145.1651 140.2908 137.4614 123.1456 96.61165 81.01788 114.8871 150.0871 156.5705 170.3031 191.8806 224.2114 256.2463 255.7924 217.3834 184.7623 192.3063 289.5136 321.2995
653.3766 684.7154 687.4157 584.4133 410.8895 309.1469 74.19093 28.60599 26.99751 26.99751 35.15675 81.82729 159.9692 217.1194 264.5619 299.5578 335.5751 459.7935 634.5372 730.0345 817.1664 810.2933 809.5572 772.6731 677.9305 576.8553 493.5437 603.2349 815.8832 1236.231 1232.616 933.8304 668.2674 553.4194 616.5032 631.2794 361.3827 178.7551 193.1964 204.3217 219.0243 428.4242 455.4752 307.9648 197.6429 207.9196 194.941 163.8126 139.0593 129.8283 114.0062 90.89543 78.97886 79.66492 96.13725 121.871 136.5568 157.8982 193.5297 195.5052 183.8053 188.0478 176.1429 189.5741 276.3191 295.2754
335.8179 465.379 539.5056 441.8415 334.6478 408.9243 276.9629 75.13471 26.99751 26.99751 29.21249 47.08339 100.6988 174.2594 209.0735 208.0459 279.759 513.4584 702.1835 748.5027 785.1441 742.5715 576.7888 402.0652 404.7121 416.0868 438.4093 568.2562 947.3342 1442.032 1136.484 896.9042 861.8669 854.4189 792.6734 613.6954 324.4921 115.2356 136.0547 182.5982 187.1686 213.15 237.0577 127.0139 107.2728 167.5092 195.0465 161.1749 107.0711 83.3333 82.71861 79.24761 76.21507 60.93929 62.15648 69.59792 80.4206 110.2739 150.5837 126.1167 99.66002 133.6339 147.3564 178.4717 278.9615 284.5867
82.99429 124.3267 220.3805 249.4366 198.1384 347.3578 809.698 365.8118 30.00816 26.99751 27.15598 30.18868 54.61229 131.3684 215.3343 242.516 279.052 356.3121 617.0783 726.7854 756.7162 717.267 484.8321 268.6601 313.4319 366.8161 414.564 521.9985 1031.535 2197.19 1868.68 1233.449 1033.245 955.6155 861.2869 656.8518 341.2292 107.1817 130.3972 162.1171 157.6276 95.67377 86.02003 65.7088 66.91965 84.41918 95.21624 75.6071 57.26716 56.31366 63.99647 73.95886 70.66399 58.37156 57.68412 54.95369 60.02482 101.3636 147.4037 115.9769 71.57539 85.17458 107.343 158.7783 278.245 274.591
58.49984 83.13242 137.8508 171.236 166.3625 227.9161 874.7109 572.3051 50.21042 26.94034 26.58999 25.99372 30.64528 69.50125 173.2889 277.0663 304.3477 309.3124 550.0368 751.2642 862.9553 807.2446 462.1184 254.3691 253.757 327.4068 419.9549 490.7834 742.3992 2305.045 2524.124 1949.484 1342.052 1006.945 894.9725 819.6736 461.9774 169.6985 167.7623 155.7312 142.0664 89.56908 79.86153 67.00713 63.39267 64.71566 62.10234 58.08728 60.30677 60.01009 61.82167 73.47881 75.03319 60.15598 59.83596 56.14922 55.04943 77.9934 115.6916 114.2866 78.19357 79.14435 94.52571 154.2674 276.287 254.7176
58.12278 79.91164 129.2528 164.307 164.3684 169.3116 366.7814 297.7874 31.5845 26.54031 23.63684 17.8069 13.52203 19.26919 60.81677 157.3936 239.8537 287.5755 650.0068 679.7547 624.2442 499.1372 380.3151 334.9391 354.6148 442.9774 532.6075 757.4705 1108.803 2456.751 3028.697 2566.133 1463.883 895.6987 942.6392 990.5319 531.2725 211.8837 192.6759 165.4479 150.749 101.0555 94.20136 88.37228 87.88633 96.31837 88.65091 86.25442 105.9799 94.90694 69.41372 74.03683 82.41518 64.36987 69.58672 67.93276 54.21307 64.13863 118.4182 181.0778 173.8571 128.4875 98.40752 156.4813 261.8112 196.8776
56.1377 68.4674 111.8434 152.6832 153.4319 150.1066 90.83882 52.06839 27.21772 26.78034 24.67328 18.2943 12.14774 11.64744 16.74956 38.25165 81.82528 206.4929 643.7042 611.4951 558.2753 480.7601 425.8854 446.8531 641.6731 815.2284 865.6171 1295.98 1751.859 2323.404 2032.233 1227.24 953.6757 759.6249 663.4324 656.9447 377.5916 196.3083 189.9296 176.6206 159.7464 127.2945 109.0534 105.7799 108.5855 114.1837 115.5013 116.7883 120.335 107.8009 87.2156 83.17804 82.84314 68.46026 90.50333 107.8666 88.3324 102.6293 169.7458 203.402 179.3525 125.4141 98.10548 153.0061 208.7443 116.8468
55.27211 56.51418 61.6362 67.7206 69.93547 68.93177 35.82233 26.99751 26.99751 26.97814 26.67478 25.46671 23.93062 22.44952 18.53738 16.40956 24.29519 86.51312 477.1368 438.4648 385.15 394.1851 433.921 495.6442 669.8685 889.6024 1061.046 1353.047 1677.939 1302.474 1102.193 1073.765 956.1041 569.1376 441.3118 420.3261 303.6827 206.0458 205.0375 180.4299 152.9161 136.5973 115.1075 107.0329 108.9732 114.1585 118.7411 119.6179 121.623 117.8455 101.6294 87.49636 85.47616 80.63969 112.5743 145.8658 149.231 179.5063 223.9439 226.2565 189.4017 123.0968 93.93271 128.2464 152.7721 77.54804
75.7198 58.54898 58.85818 61.5497 62.51863 61.39986 28.20039 26.99751 26.99853 27.10307 27.55357 28.32934 33.31379 47.8392 53.96904 46.91344 54.09391 100.7011 339.4515 340.5858 333.295 332.8567 343.2243 377.6308 496.4604 706.6064 1048.343 1362.937 1268.357 927.7474 845.812 759.3348 626.3552 448.7052 340.1449 353.3543 329.5745 278.4455 253.457 181.3338 134.7702 128.7626 115.9704 106.8737 108.1902 113.1626 118.6075 119.1695 120.6912 119.5341 109.772 103.2854 117.5227 131.1064 135.5871 151.7052 161.913 190.1255 226.129 234.7053 197.4138 128.0675 89.39228 92.30156 96.26474 81.04415
242.7463 98.74487 98.38858 117.1996 123.6853 132.893 32.21592 27.03636 27.56395 30.26453 35.87698 40.66513 49.53717 66.07362 71.58948 66.43372 67.25487 112.8911 344.2209 384.1931 403.1049 413.2165 389.2972 368.4665 469.2114 678.0848 949.6835 964.8293 605.1028 712.3193 710.3915 660.0837 594.5883 454.3269 371.53 327.3871 308.0642 298.0884 252.8198 170.6968 132.8635 125.6123 113.7897 106.8281 107.8496 112.3222 117.9022 117.9828 114.6531 110.686 113.1671 127.0556 145.9223 151.2459 155.9525 181.0806 237.6188 276.7668 268.6167 271.7448 214.1669 127.9612 98.1957 91.07994 88.48988 86.8833
253.8249 211.0194 194.8854 197.219 197.9601 190.6515 57.46205 27.95505 33.81644 50.74239 67.27627 70.53549 71.44476 74.28278 78.94357 77.33007 73.03174 118.0336 374.7438 403.4381 431.4006 501.0212 541.8611 527.1948 630.3614 785.7158 851.6957 712.3041 492.6285 497.8606 496.619 503.7557 510.9908 489.4215 441.1717 370.8864 328.9509 301.9571 244.5554 160.8022 133.7748 126.1119 114.5248 109.6368 110.762 115.343 119.5495 118.5946 115.2728 111.2696 110.6873 113.584 128.1907 165.7116 206.8002 265.3728 298.397 303.7 304.6984 289.2256 205.0087 123.4512 123.1496 127.4595 217.8639 217.5966
209.1731 204.4092 203.2548 203.6426 197.1373 168.3741 101.0571 95.15239 77.66557 80.21846 79.90839 84.15485 84.40607 82.05322 101.7144 141.1516 172.5988 215.2397 361.0211 429.1768 535.1741 601.0616 678.7152 769.0458 765.0899 686.4751 666.1368 670.5422 571.6467 404.9306 376.7455 304.9316 276.1665 328.7084 353.8778 311.884 265.5086 271.9111 258.6051 200.5778 162.1863 157.5548 155.3469 146.2191 131.7034 125.1269 131.0958 148.92 169.9657 175.2189 163.222 148.7406 157.5466 211.4683 298.4742 343.9191 332.2279 351.2841 425.203 423.9676 278.214 149.1913 123.4646 135.6903 294.4354 306.7078
197.0434 184.1493 175.5377 175.6329 150.9836 113.6014 120.2695 104.2139 113.3396 115.976 99.04387 112.9474 112.3254 105.1826 113.2554 147.014 196.7749 259.2966 382.8366 410.6815 493.1902 495.1607 418.5319 382.9081 408.7294 449.5413 509.6883 557.7054 498.2992 274.2928 160.6613 113.5457 150.7213 241.6535 306.68 288.0227 254.5465 260.3687 256.1279 234.2573 192.5367 160.8993 154.7538 140.5667 126.2427 124.5722 125.547 131.2633 147.9531 171.8007 183.7104 181.3458 181.2853 218.8797 298.3539 347.3599 339.2288 373.0276 544.34 678.6983 483.7254 212.7305 127.2792 146.8779 297.2026 321.7764
153.4507 120.5164 106.1385 82.70798 70.75012 101.6506 134.8302 154.7839 231.2756 191.9257 99.8558 109.6464 108.094 105.8884 112.5921 141.6339 254.5072 414.894 375.0883 315.2318 263.4679 231.0808 237.0764 287.0131 320.7347 334.375 349.0007 354.0739 330.0449 110.2044 82.51591 99.89194 158.7859 258.5018 298.489 278.4559 250.0602 191.9039 184.3833 209.1644 203.8719 185.2325 156.4511 131.0361 124.9221 126.9138 134.7454 155.7439 185.9777 202.1227 198.2531 186.1751 185.0998 208.8268 281.8166 373.3811 408.465 430.3864 469.1332 506.2145 423.0156 244.5668 155.0812 200.6348 290.733 298.0067
149.3348 109.4661 90.10886 66.22537 79.81316 130.9942 151.679 229.6021 297.7588 172.569 75.41515 84.67822 96.23167 89.32335 97.12028 113.215 170.425 234.7776 301.2473 287.7248 219.1508 163.1924 146.2173 155.9958 161.5984 177.5206 177.5242 168.051 199.6582 69.72629 79.97669 119.397 204.8071 295.7753 297.8844 266.0575 207.2507 144.1645 166.9145 181.3457 183.1419 196.6147 173.4503 136.3897 135.8201 161.4507 205.2334 234.4452 234.1501 234.4034 226.5091 208.362 200.168 243.586 311.6069 430.4334 505.4463 413.5088 295.401 274.2133 212.6894 149.3857 155.3351 231.5017 286.2484 260.6445
137.0853 88.48641 82.58289 73.87973 94.32367 141.776 196.8058 303.2255 275.0632 116.5886 67.14158 88.67567 110.4036 79.27554 60.42317 79.40319 135.001 193.494 249.9471 247.6177 178.9834 124.1719 110.2876 120.2267 114.2241 109.348 101.618 124.733 183.3902 75.53017 95.46758 175.0021 261.7307 292.906 260.5569 216.3531 168.3262 140.8589 162.4608 162.8665 173.7463 237.2846 226.9736 191.4865 219.5877 286.186 316.8009 290.9879 244.7087 230.5334 230.9645 237.0837 242.4448 271.2817 302.9654 350.5543 418.64 361.4322 228.1683 222.377 182.5263 99.63219 65.20589 165.4665 246.6856 202.3266
163.0818 120.1678 82.44703 57.69138 81.66779 130.3859 250.5202 339.5428 225.9942 83.7115 66.45681 81.17955 100.7703 74.88209 53.29436 51.0876 53.33677 62.48952 88.90056 111.9093 111.5184 83.90696 59.74728 66.24389 91.28285 111.9786 113.7003 122.4406 126.3433 81.38361 159.7635 236.1147 235.2757 227.013 218.8447 166.4107 135.8293 120.5642 120.798 125.0785 171.876 471.7878 469.7098 395.8164 339.8864 333.6153 332.4503 303.5215 227.1729 155.1347 162.5064 214.1424 240.9958 268.8375 225.1791 138.5148 181.0341 253.8488 237.5458 253.456 226.4138 129.6678 36.99871 75.4902 261.268 211.4483
171.9456 141.5627 127.5237 99.16233 97.34782 141.9848 216.2551 287.0724 208.9416 91.07001 69.7333 53.00555 57.14592 56.71305 47.65536 40.02381 35.21438 37.27934 41.08506 49.8785 56.81066 48.28979 37.74473 45.42455 74.24263 103.0817 96.82742 73.26337 50.72314 64.53961 120.7519 134.5087 104.4959 132.8215 166.2703 145.8092 141.7148 128.8032 116.6275 135.4186 242.7914 516.9446 515.7038 489.2956 401.93 323.8155 320.8343 291.9253 176.4987 73.08002 87.85623 125.2776 168.6869 167.5453 127.019 79.89037 85.51588 162.0857 258.0747 277.7578 252.905 156.5012 41.39496 42.06796 212.3443 263.0101
164.2504 159.7381 166.8163 164.5653 162.891 174.3758 278.746 344.0127 264.6106 119.2948 73.70831 49.87276 37.98815 30.68678 22.30292 19.27051 25.04638 31.49043 35.00435 37.18942 37.37622 35.67505 33.97107 33.83548 34.57048 34.83062 28.65067 18.66821 15.12766 23.96597 46.89539 67.90906 66.69896 64.00984 81.58222 120.221 140.9787 129.6653 115.1843 138.6971 276.033 469.6426 467.3222 466.787 375.2064 252.3842 279.8045 308.8805 202.3029 78.42088 71.76737 98.75577 138.2367 118.2804 70.6845 66.57793 74.19802 126.6772 205.5527 205.6668 138.6816 76.3083 34.20876 31.96867 102.1894 214.8099
269.6907 223.8459 210.202 194.9243 174.3217 177.9156 -9999 318.8946 239.3948 129.872 64.26831 34.08768 17.85003 16.04997 15.21655 14.97124 15.65208 16.65971 27.46166 34.2635 34.44667 34.59061 32.92247 26.65981 17.61478 11.7915 11.30554 11.06913 11.90809 13.34364 18.64024 33.34275 45.43378 42.74903 49.90673 79.06105 111.0274 111.2859 93.45302 86.13903 199.5881 304.9044 264.5276 272.4964 232.4304 223.1804 285.0916 312.3142 244.0448 127.1142 66.46497 87.74614 129.117 131.9469 72.90862 66.11691 66.03463 67.625 61.49477 45.23299 38.33051 34.08482 31.53931 31.38418 37.32673 52.34874
392.0967 355.4222 305.3796 273.7037 241.2746 208.4445 201.0211 188.7975 136.6611 87.67588 46.88391 28.4619 17.04899 14.74 14.74 14.74 14.74 14.7755 16.68839 18.47628 22.37084 34.81989 39.12545 22.00458 14.16018 11.6095 10.21526 10.80902 11.87113 12.63871 15.5654 26.52734 39.21715 41.09168 41.66329 44.08139 46.20547 43.15189 37.80082 51.24081 122.9976 219.9181 208.9985 195.9256 192.1591 211.3391 228.7894 195.6604 142.3093 94.29188 66.2639 85.68346 120.0141 182.9319 126.716 68.02213 65.7614 62.47176 49.70987 33.45315 31.38418 31.38418 31.38418 31.38418 31.51027 32.02345
