pop_2010.asc
ncols         261
nrows         433
xllcorner     336357.134
yllcorner     654653.479
cellsize      1000
NODATA_value  -9999
[rows 116 to 144 of 433, columns 66 to 131 of 261]
6.853281 12.61875 47.08423 145.4026 226.0273 190.9229 102.2556 27.51473 5.010538 10.68467 13.86409 10.66937 10.68541 11.06962 12.74634 14.95226 15.85436 -9999 15.79275 14.00478 13.61456 13.61368 13.61442 14.57708 24.42783 54.14759 82.13985 79.70371 60.07858 35.38278 48.67307 69.87791 76.56793 77.98573 133.8657 377.0328 728.0179 966.7722 1133.637 992.9283 722.0654 739.4971 769.8265 630.1934 423.2983 349.9825 343.8022 289.831 123.5548 50.02441 43.01155 42.75939 29.18629 14.45158 10.09234 10.15728 10.54846 11.40254 12.0843 12.20932 12.34734 12.48424 12.50627 12.15484 10.46088 8.305309
6.307538 6.874022 14.44706 51.76132 137.5507 224.6959 232.6614 141.0083 9.019754 15.18467 17.24596 10.67543 10.74358 11.39465 13.18463 14.74697 14.91103 14.97505 14.9133 14.19252 13.69048 13.62608 13.71988 16.11106 30.43397 61.26178 83.65038 79.91464 61.03469 36.40913 48.84028 69.92364 76.3955 76.63727 124.9038 372.2729 766.8666 974.919 1082.38 1245.704 1305.785 901.6204 756.4368 609.9034 424.6786 366.1671 379.5694 281.4258 121.6205 57.05086 48.06282 43.7466 31.28736 16.41332 -9999 10.4468 11.34495 12.27919 12.4996 12.50627 12.50627 12.50627 12.50626 11.99562 10.02376 7.92915
5.550194 5.859128 6.589755 10.63083 29.98264 86.6612 161.2458 129.4142 23.06756 22.19352 17.20313 10.67784 10.94963 12.25088 14.07215 14.76575 14.76576 14.76576 14.76569 14.4368 14.04095 14.62847 17.53123 22.33473 30.4558 50.15953 74.83041 80.51875 63.87666 39.46839 37.01232 53.30571 72.74413 83.20331 133.3469 372.8876 762.1849 967.1424 1056.792 1339.547 1855.731 2110.65 1259.317 476.8323 214.0006 192.4613 193.9456 140.2661 82.12847 64.00722 60.5705 53.72766 25.86397 12.42012 10.22382 10.91604 12.00757 12.49178 12.50627 12.50627 12.50626 12.50627 12.50123 11.2299 9.174522 7.880894
5.157475 5.428212 5.985868 6.38581 7.492856 16.35123 36.90312 41.4875 26.77853 25.26472 18.88868 11.74381 10.90555 11.96433 14.02033 15.26923 -9999 15.35292 15.37034 15.59084 17.90459 22.34138 25.5533 26.82496 28.43209 37.08817 60.55169 78.74233 65.01325 41.03636 37.59245 81.08147 167.703 227.388 247.5924 334.5666 484.1379 641.9929 1062.878 1828.381 2511.622 2529.606 1519.262 879.66 459.6348 136.1405 89.73941 73.48092 66.87958 65.60906 63.79013 53.86685 14.12193 10.37506 10.23532 11.07711 12.19866 12.47297 12.50444 12.50626 12.50626 12.50626 12.39102 9.709213 8.119715 7.878349
5.082633 5.191313 5.602474 6.134911 6.342496 6.970562 11.04359 19.16247 26.99939 26.7685 25.64493 28.4369 54.9166 106.8276 130.5043 110.8957 96.3978 89.03764 80.59934 51.08798 34.83764 26.90075 27.48879 27.55197 27.63918 29.27714 38.93442 57.28046 56.65436 34.31324 46.53902 124.565 232.4206 266.5359 266.0916 263.122 261.1779 309.1008 560.7258 1083.037 1746.796 1832.017 1159.865 869.4708 589.2051 180.2126 70.01324 -9999 65.60561 64.36066 57.63506 43.74969 18.23754 11.03398 9.552872 9.771208 10.58868 11.71731 12.43684 12.50626 12.50626 12.50627 12.22604 8.644782 7.879467 7.878349
5.073868 5.103784 5.329791 5.90685 6.346565 6.527419 8.283129 13.96922 25.51878 26.97716 27.40553 40.9227 100.554 170.8694 183.9561 179.6492 176.4358 174.736 172.7671 129.8712 66.58296 27.55197 27.55197 27.54945 27.45732 27.03752 27.79349 32.68037 35.19514 30.6771 57.07877 152.0936 254.0174 254.6603 233.7988 217.2476 220.6784 265.1315 362.2179 546.2099 1084.724 1593.613 1012.415 752.2083 545.8871 250.2225 125.6312 73.25156 63.03812 57.86195 44.85262 34.87329 23.84147 13.42557 9.27592 9.284497 9.547412 10.44942 11.77935 12.48923 12.50626 12.50627 12.16142 8.311941 7.878349 7.878349
5.073201 5.09941 5.321143 5.901182 6.446198 7.538397 11.26189 15.73772 21.32875 25.32249 33.5544 72.97271 145.2149 188.3316 190.0575 190.0576 190.0576 190.0576 190.0576 134.738 61.25931 27.55197 27.55197 27.40672 25.68771 20.05663 15.95293 23.60533 33.70216 33.04037 73.54241 152.881 205.6241 187.9661 170.002 195.364 268.1201 382.6941 464.6692 466.1452 537.4446 776.5388 841.5206 889.3766 616.3372 340.718 244.66 114.4819 48.63713 45.72331 35.04426 32.7345 21.10392 10.90187 9.251527 9.251526 9.286897 9.639824 10.76909 12.08515 12.47275 12.48963 12.33438 9.209154 7.889669 7.914752
5.073191 5.203658 6.301489 9.299296 12.38138 14.21075 16.03623 17.00691 18.92012 26.34176 55.50588 123.2438 182.6865 190.0576 190.0576 190.0576 190.0576 190.0576 190.0576 122.7075 48.59174 27.55198 27.55197 27.30136 24.79419 17.38969 50.58518 213.2978 320.5034 152.1927 89.70757 144.1614 154.9411 151.0337 149.5515 173.5589 256.1934 398.6742 480.1776 396.0783 266.6079 410.4658 686.1169 880.6816 632.5607 324.5034 206.6499 99.95181 35.63409 34.90011 30.99957 26.53116 13.32859 9.422153 9.251528 9.251527 9.253354 9.328702 9.795012 10.84083 11.74292 12.1417 12.47971 10.21897 8.279009 9.039528
5.073191 5.3314 7.3927 12.53919 16.54395 16.87645 17.10822 17.16209 17.62838 30.39755 88.7373 165.1572 189.8354 190.0576 190.0576 190.0576 190.0576 190.0576 190.0576 119.0373 44.75092 27.77477 28.01859 27.84931 25.80847 19.18799 82.65336 391.0785 658.8082 382.6914 126.9669 162.662 139.2419 145.6606 146.2985 154.6842 198.4173 287.9271 328.1247 237.6988 137.1821 317.1383 621.2192 711.6682 393.7857 110.8202 68.04823 46.30004 33.1236 31.50528 23.93476 13.97968 9.730033 9.251528 9.251528 9.251527 9.251527 9.258145 9.329025 9.670485 10.57127 11.81476 12.50626 11.69496 12.08831 18.47174
5.073191 5.247037 6.686043 10.64899 14.86386 16.64777 17.16263 17.16299 17.20896 23.83712 62.69507 135.1336 183.2135 190.0575 190.0575 190.0576 190.0576 190.0576 190.0561 120.5869 49.56056 43.32014 56.64602 52.07018 36.27111 23.00308 32.05937 102.474 174.5347 117.2378 274.0815 359.7594 174.7888 140.4417 145.3667 146.3515 156.9258 184.6994 191.5602 150.4621 118.58 169.6918 310.4594 383.384 263.9493 143.9157 89.49509 49.97723 35.13563 31.29073 22.09213 10.89504 9.251527 9.251527 9.251527 9.251527 9.251527 9.251527 9.342028 9.931364 11.23437 12.30637 12.50626 13.78705 23.50709 45.54269
5.073191 5.17557 6.13583 8.91689 11.66559 13.48377 15.98217 17.16299 17.06834 17.79782 29.08467 75.19822 148.8985 189.8875 189.9602 189.8586 189.7458 189.326 188.5819 146.867 129.6181 167.7548 190.8486 172.7806 101.7411 24.41027 21.36812 53.22065 88.54182 71.89746 123.7153 165.3908 109.5771 100.5956 -9999 -9999 118.8784 161.7458 197.1967 183.6205 165.2214 210.3622 275.4327 308.6567 296.8473 279.3465 251.1436 179.1284 81.89406 36.85211 33.18833 22.86105 9.362884 9.251527 9.251527 9.251527 9.251527 9.251527 9.37482 10.08235 11.40378 12.30912 12.50588 19.74829 43.90511 71.86314
5.073191 5.135743 5.916008 8.512568 10.80603 10.91137 11.37924 11.77471 11.31934 11.18181 12.84159 19.44208 33.56049 47.1264 44.16616 34.14146 32.50379 25.13767 15.83317 17.39357 54.2595 108.8354 109.2413 57.36443 25.44345 16.39824 18.34693 29.2622 47.48272 60.42417 120.6053 162.9095 166.4922 -9999 -9999 58.03292 73.63876 104.9764 146.4688 173.6453 180.569 260.7787 261.0845 282.091 310.1469 309.4166 298.0531 239.6978 121.9091 39.15286 38.59488 34.418 12.42306 9.452121 9.251527 9.251527 9.251527 9.251527 9.283577 9.48562 10.1132 11.37446 12.55382 35.25045 65.36485 79.65392
5.073191 5.100497 5.747139 8.340774 10.80535 10.80909 10.83096 10.95969 13.34564 18.68548 26.48664 31.02769 30.45133 21.70152 10.31463 7.748943 7.776679 9.577865 21.45918 80.06189 108.6265 128.7755 94.46727 45.57469 38.56638 35.45642 30.12099 22.59932 19.21201 21.99737 81.42754 161.3202 202.7309 -9999 59.5167 69.16062 73.77207 74.35709 74.38902 78.28492 89.63461 91.59978 93.37234 150.8602 218.721 182.5551 91.14323 58.53667 43.01485 39.3708 39.3708 39.88274 42.91912 31.50505 14.87214 9.881581 9.532761 9.334771 9.401991 10.23987 11.77425 13.28215 19.29757 74.1358 86.25206 83.89214
5.073191 5.088173 5.683289 8.240023 10.70041 10.79687 11.8476 13.93388 19.56046 28.50098 34.85778 34.04155 31.84535 21.68586 9.699045 7.748942 10.36737 27.1449 62.5829 100.8314 113.9306 121.7969 108.2746 78.45868 72.05265 71.31003 66.00699 45.60934 21.36165 17.07938 41.29764 111.9838 174.8145 -9999 62.38072 78.11547 104.5128 111.3374 97.34466 86.61881 77.33231 76.29672 81.13138 94.84067 100.3812 73.58621 43.4406 39.94124 39.56719 39.47883 39.41677 39.49476 46.24879 47.54415 36.28614 23.52657 16.49377 12.48271 11.00858 11.98164 15.03914 28.8935 60.56686 96.00082 91.77904 83.7623
5.777016 6.564456 7.711753 9.171439 10.17383 10.64808 12.86221 15.55924 23.17834 32.75338 36.12876 34.01185 30.58081 19.23246 8.147386 7.748943 8.342406 12.52754 23.78303 87.19776 121.6864 113.322 94.53478 80.13286 78.70248 78.60664 74.87858 59.13158 44.89236 52.8748 62.21954 65.29264 69.70498 60.50656 51.06171 72.13428 122.5791 160.9385 152.536 123.4081 84.62721 82.18141 109.1439 135.2806 121.6186 86.26833 61.53279 56.10245 47.87931 45.64723 42.777 39.79102 44.9142 51.0211 51.21546 48.02962 45.41209 42.54337 42.89747 49.04403 53.71487 83.60765 127.8825 103.8773 98.36684 86.63451
9.437811 9.590902 9.792221 9.995985 10.1995 11.08592 13.74772 16.09628 23.47455 33.09246 36.27026 34.31335 31.75234 21.92618 10.13834 7.748943 7.761536 8.809865 17.54504 86.78606 115.1867 116.8907 100.0265 87.37289 83.44067 79.01742 77.97382 75.30163 73.19009 75.31071 75.09811 64.61314 50.44857 45.51934 46.10435 56.44392 97.06522 151.63 164.3488 132.3801 89.1167 103.5738 133.4853 153.5564 151.0296 144.5424 140.0276 138.4367 135.57 127.0781 93.0791 49.48516 43.382 49.59106 53.6572 53.73172 53.5691 53.11172 63.61983 114.1511 177.2228 198.5495 202.4562 130.344 120.2023 98.67816
10.11191 10.11542 10.11822 10.12042 10.36919 11.85702 14.5803 16.16108 24.04992 33.75298 36.58499 34.68139 32.13499 23.00695 11.05944 7.751314 8.263285 14.72455 37.15685 77.50452 97.17245 112.0194 104.0166 96.48742 90.3926 80.4963 79.9646 80.21538 79.14052 79.28087 74.93051 63.1922 49.23004 45.55693 45.5237 47.02688 60.88322 103.1725 145.5524 131.574 97.59378 114.2306 138.3549 152.9309 153.6494 155.2523 156.6231 154.4507 143.721 127.0128 106.4595 76.1022 48.94468 51.74291 53.19851 53.39826 53.67062 54.18815 68.61918 131.7533 211.0719 230.1714 231.8164 229.5624 220.4846 165.0959
10.12147 10.12148 10.12148 10.12148 10.54021 12.6457 15.38301 16.16124 25.78262 35.63213 37.01336 35.12597 32.57892 25.02151 13.1924 8.049549 13.12571 33.67048 60.53645 74.53683 92.85471 112.5615 101.5984 86.87654 92.42752 91.7063 93.41553 97.4845 91.73212 84.8269 70.20055 61.01991 52.83707 46.95002 45.71405 45.55249 49.23829 71.81039 116.1789 136.9342 115.3014 104.2612 109.2397 114.5683 121.0613 122.4919 112.3349 103.6631 97.96239 103.048 108.6247 96.85034 52.50274 52.90543 53.0472 53.14682 53.42103 53.80939 58.27907 79.4807 118.2328 165.6218 216.0477 256.5982 237.5237 162.2393
10.12148 10.12148 10.12148 10.18551 10.97495 13.57893 16.02727 16.16352 27.21242 37.21147 37.53096 35.67201 33.79375 31.01038 21.7486 15.25832 30.92435 57.46791 69.45632 71.37035 76.99883 88.28191 90.63349 84.60213 92.88996 101.4896 102.2669 102.9379 98.94301 87.6487 63.34599 61.17543 59.12169 55.95738 51.37655 46.75072 49.49739 66.11284 98.74254 119.5093 110.7061 101.1668 100.4869 99.86852 99.52849 93.77598 84.03218 81.77416 85.22245 99.14461 110.769 101.425 53.03299 53.03299 53.03386 53.04802 53.10665 53.19495 53.57882 55.62833 61.39568 75.86224 103.5025 132.8497 113.4391 87.77361
10.12148 10.20478 11.0156 13.58683 16.44154 16.81598 16.15533 16.37217 28.97823 38.07562 37.83746 36.25293 34.36749 33.62078 31.75552 30.57435 37.18069 51.95381 65.29713 70.5923 71.05608 72.43457 74.61986 82.65258 97.09621 103.2747 103.6021 103.5439 100.3026 85.97153 61.68472 61.44402 61.26999 60.72149 59.06518 59.4436 72.99231 96.74673 110.3817 113.3557 108.3839 101.015 99.64825 97.57116 94.51688 86.60503 78.9987 80.07153 87.51127 102.4014 111.2999 102.2215 53.03299 53.03299 53.03299 53.03642 53.02928 52.93598 52.78928 52.73939 52.69431 53.4349 57.32282 63.89199 64.95245 71.96434
10.41391 12.36023 16.57468 19.73216 19.26369 17.30677 16.16123 16.53541 27.21204 34.52062 36.7416 37.00058 35.12118 33.99829 33.91793 33.91219 35.65158 44.15034 60.09246 70.22465 69.5285 68.59927 68.57821 72.09868 80.93686 93.91476 103.6017 103.6017 102.402 95.03885 65.61742 61.68167 61.49611 62.10979 67.15955 82.14133 99.9529 108.4486 112.7889 113.067 109.0065 101.0589 97.97551 89.72512 80.95663 78.083 78.43872 79.0422 83.28493 96.20242 107.0808 94.65614 53.55032 53.301 53.16513 53.26861 53.66562 53.90828 53.41039 52.86084 52.66703 52.69369 52.91062 54.70321 62.06356 74.17896
12.33127 16.88855 20.6516 20.9751 19.55185 17.23707 16.16124 16.22471 18.00043 21.27419 29.47366 37.19281 36.21379 34.42559 34.01286 34.02636 34.8228 40.90978 56.59033 68.33917 67.90266 67.71388 67.65198 68.82558 75.82992 91.46409 103.3316 103.1949 103.2381 102.8178 84.75323 68.29126 62.45918 67.23045 82.51505 99.87125 103.9177 102.7555 107.1919 113.0643 109.5746 105.9854 101.9064 83.70492 68.18529 70.00486 73.11796 73.68466 77.35741 92.03582 103.2811 87.71062 63.9354 59.06875 56.43232 56.50244 56.1517 55.05856 54.8227 54.09036 53.13309 52.82123 53.18739 55.55317 65.02923 77.1072
16.62638 21.18033 21.29461 21.24822 20.63049 18.52082 16.39784 16.16125 16.18484 17.92775 25.86369 35.70916 37.49888 35.89552 34.49988 35.8125 44.47349 62.14119 74.03087 67.69269 67.59448 67.59419 67.59419 68.59034 75.06275 88.04256 93.85783 89.63239 91.52818 97.06498 101.3263 89.86353 77.86954 83.49873 100.5067 105.0317 102.6818 101.0018 107.3016 115.3311 118.9631 119.772 104.7466 78.4418 -9999 65.93945 67.25084 71.52764 84.54176 97.26733 90.50157 77.77352 73.56084 72.35609 71.29706 68.46523 61.01757 54.66521 54.95247 54.94619 54.10073 53.75765 55.04361 59.39728 66.47097 73.1184
16.53388 21.25743 21.29469 21.29103 21.09222 19.93368 17.65288 16.16812 16.16124 17.27256 23.28144 33.20358 38.20668 42.32945 62.66737 91.70633 102.9827 103.983 100.9212 71.67036 68.08288 70.25111 71.13199 68.59013 68.30683 71.0594 72.94783 73.11987 82.29424 97.78002 106.044 105.9956 105.8123 105.6294 104.8387 101.3131 96.80298 96.35338 100.6553 111.2088 123.1796 125.2903 105.9547 76.1365 68.49275 68.42879 69.39354 72.33215 75.68438 74.42731 70.30733 70.51765 70.33559 72.8223 66.42319 57.22163 53.47725 53.49965 54.18628 55.1272 55.93875 58.60264 63.42853 67.17591 -9999 67.98686
15.08507 20.09513 21.29469 21.29467 21.27291 20.866 19.20055 16.97797 16.16124 16.54968 20.00928 29.55081 37.89005 40.40593 54.3097 83.20029 103.0419 -9999 91.23883 60.34827 64.21552 70.81207 71.43934 68.12508 67.49828 67.02076 66.04205 66.1235 72.05167 87.27918 104.9232 103.4783 97.09282 89.83037 89.79698 92.42356 96.84959 105.5868 133.2105 179.1163 191.3266 171.3736 187.5694 157.8699 137.5231 128.4222 115.0418 97.67728 83.14382 80.16276 76.15359 70.45264 63.85153 61.93546 56.15847 52.68885 53.02042 53.26242 54.21165 56.28123 59.98261 65.49553 69.00264 69.00683 68.98593 68.36568
12.34566 17.16524 21.04931 21.29469 21.29461 21.22884 20.55182 16.43814 16.16124 16.20313 17.56061 23.89854 33.62585 38.47181 41.19223 49.24767 57.12849 55.05907 37.04278 28.87947 34.74259 51.74792 64.9339 67.14738 66.56422 65.43282 64.67628 64.76623 65.68291 68.5536 75.29018 78.8793 78.42443 74.11022 75.51871 82.26122 99.75632 135.3776 204.6089 282.9879 300.1341 281.4528 219.3235 172.3847 162.4529 159.8813 149.7738 140.847 135.0729 124.2692 98.14977 71.87463 59.2677 52.88335 48.48135 49.48322 51.90278 56.10929 67.36374 76.88649 71.92423 67.5236 69.0052 69.06345 69.80241 71.66992
10.69428 13.40335 18.2952 21.28047 21.29469 21.29113 21.08141 17.607 16.16451 16.16124 16.3487 18.64295 26.49217 35.65437 38.3235 38.97812 39.63513 38.56794 27.60882 19.89469 23.39836 34.41421 45.77861 50.74703 53.79119 57.90173 63.16443 64.4565 64.66072 64.86062 65.85052 68.63126 71.19118 71.08337 70.83309 70.30363 79.11878 114.4602 160.1857 227.0942 891.9911 883.491 396.8333 150.946 156.7406 167.6567 165.3441 153.5801 139.7938 125.8256 102.5434 81.11655 57.01393 50.21025 48.06183 48.29638 50.84169 62.7882 82.54115 90.0433 80.15977 69.50926 69.89275 70.54707 71.83865 -9999
10.17706 10.9986 14.31448 19.10353 21.29469 21.29468 21.27087 19.06752 16.85089 16.16307 16.16487 16.56833 19.87907 28.83655 37.07135 37.45154 33.78196 25.89105 19.22086 18.54883 19.95341 25.95399 34.89485 39.38289 40.25793 42.12325 47.85313 57.32473 64.15934 64.96148 66.51327 69.27795 70.93096 70.8815 69.61108 66.59417 68.74164 91.40269 128.9254 168.5286 711.2131 955.616 -9999 154.5716 155.717 167.0007 154.2616 123.933 104.4602 100.9593 92.41358 65.99657 70.05493 76.06302 74.25832 71.74004 70.43323 75.02896 87.1357 92.38745 83.32935 76.91483 85.58401 92.69749 88.31363 80.67551
10.12192 10.20809 11.22675 14.8572 19.52045 21.29469 21.29467 20.50455 18.43918 16.44582 16.16171 16.18813 16.72722 19.17555 23.11474 24.32004 21.16926 17.48809 17.33765 18.35014 18.62648 20.02003 24.30259 31.03575 36.34078 -9999 39.9038 46.72377 57.59996 65.13235 67.85219 70.72804 71.05225 70.79346 69.22459 66.05265 64.6055 69.85011 92.71576 149.3118 335.2875 455.1602 361.5119 164.9128 172.851 176.811 149.5376 109.1679 95.11909 91.11376 80.14211 67.3308 86.27482 109.5164 112.4413 111.6294 110.6013 108.8364 106.8585 105.5306 102.5369 98.7077 95.40868 94.79601 97.81317 87.65617
