pop_2010.asc
ncols         261
nrows         433
xllcorner     336357.134
yllcorner     654653.479
cellsize      1000
NODATA_value  -9999
[rows 348 to 376 of 433, columns 132 to 197 of 261]
456.4465 384.9077 390.1952 469.0641 493.7732 384.2043 -9999 -9999 66.18168 58.17192 53.60999 46.02668 28.75019 14.78133 14.74 14.74 14.74 14.74 14.82732 15.40118 24.83878 62.57455 99.53352 75.26637 37.86281 23.00457 10.15571 10.52634 11.54679 13.17641 17.95375 28.67575 37.95685 40.09535 39.79874 39.19553 36.51995 31.40623 41.76483 100.2018 175.436 166.6905 186.2198 210.2868 208.9787 192.9715 154.8469 126.8951 111.6 83.34222 65.36253 81.14865 109.3942 183.5631 170.5528 86.77005 66.39004 63.77859 53.01547 37.32063 31.38582 31.38418 31.38418 31.38418 31.38418 31.38418
920.5404 658.5607 489.8348 475.8096 403.9536 249.62 127.6404 -9999 30.46109 25.5763 31.79081 33.15074 23.23389 16.19386 15.76245 16.09192 17.40559 19.79591 83.04357 166.2914 183.6018 131.5512 84.69091 58.25962 55.42911 48.02065 28.72602 11.36651 11.78541 11.65517 10.48841 10.08504 10.4145 10.3467 10.11084 9.813709 9.297035 16.21031 54.5172 111.1938 129.3833 129.2805 132.5522 145.033 150.0487 132.0302 124.4862 119.0629 96.97974 67.69991 62.61022 67.35709 88.39767 148.6817 195.8837 161.3842 73.75595 66.2627 63.84925 54.93904 40.17331 31.69851 31.38418 31.38418 31.38418 31.37686
928.5109 605.4413 454.7881 384.5051 312.326 216.5011 112.9071 43.82131 -9999 22.8164 21.78267 21.95538 21.33947 23.36434 29.84167 34.74553 44.5545 63.56634 152.4832 226.9719 211.6399 119.1099 62.23816 56.84465 56.7914 53.04935 35.73615 14.62327 12.27168 12.08668 10.80703 9.100481 8.508847 8.508848 8.508847 8.508847 8.508848 16.02769 52.89548 101.5857 113.0724 122.7575 133.6133 152.4128 152.0646 137.3119 133.3647 126.0766 96.67767 62.8882 62.5063 64.30962 69.95694 65.6469 129.5755 158.1196 83.21219 66.15258 65.47254 61.81329 49.58051 34.21629 31.38418 31.38418 31.36218 31.06311
950.5084 530.2609 485.2547 367.3039 230.9286 173.9763 76.00413 38.52414 -9999 -9999 -9999 20.94908 23.81045 42.37208 78.98056 100.5496 103.3196 117.4263 181.2849 225.1658 205.0314 107.0783 57.16894 56.84466 56.84465 54.5506 43.13867 27.28242 19.89219 11.71257 10.05389 8.599652 8.508847 8.508847 8.508847 8.508847 8.508847 12.32593 30.89363 54.73489 58.84829 79.69482 177.4537 321.5339 334.4441 264.2363 230.2465 201.4429 -9999 62.50359 62.50359 60.12226 -9999 25.44024 33.32765 39.81783 44.73818 62.09776 65.21997 60.04229 45.33102 30.4531 30.07112 29.95972 29.36874 26.87174
1410.825 591.1774 487.0755 333.9322 214.9716 164.4387 44.72234 38.1856 33.27074 -9999 -9999 20.94945 23.83198 43.30089 84.70307 112.9862 114.8257 126.0163 193.3046 230.4436 185.7342 87.77573 56.84466 56.84465 56.84465 56.64594 55.65738 52.66846 42.40393 10.93957 8.924033 8.512117 8.508847 8.508847 8.508847 8.508847 8.508847 11.66878 27.39212 48.65626 53.23034 72.39776 178.4704 361.2984 449.1574 416.2108 347.5853 267.4291 138.6655 61.8322 62.2869 60.01229 46.86897 22.00632 22.25281 23.35916 30.57644 49.19434 63.52193 55.90411 34.37185 16.12369 16.29767 15.05821 11.01223 8.803117
1669.735 1001.279 726.3788 337.3252 228.0879 205.3156 73.0639 43.94572 -9999 -9999 -9999 21.20879 23.81213 41.72623 83.13078 113.7114 117.8896 138.3375 206.1916 225.8418 165.936 83.75699 57.22073 56.84465 56.84465 56.84465 56.84465 56.67087 52.34198 12.07476 8.536635 8.508847 8.508847 8.508847 8.508847 8.508847 8.508847 10.31903 20.94241 40.83 52.71235 70.56657 167.7796 342.5452 457.9662 453.6427 309.5917 143.8905 71.30411 54.88102 59.65074 60.21049 48.44571 21.94669 21.94669 22.01496 25.74964 43.15379 59.64913 41.06879 14.29442 6.704283 6.709555 6.618175 6.342343 6.208333
1116.61 991.4716 686.0273 312.345 249.8305 253.0344 164.2435 70.59444 -9999 30.81527 23.33677 27.42235 34.51238 58.6715 99.0425 116.1264 140.3914 235.3354 251.9036 186.6619 141.7881 101.4513 60.46498 56.09747 56.7379 56.84466 56.81578 56.59219 52.44996 12.35359 8.943571 8.565619 8.508848 8.508848 8.508848 8.508848 8.508848 8.845669 13.03334 28.0917 46.92788 76.40029 187.3865 354.3561 452.3474 479.714 333.1289 138.944 44.69025 43.62757 51.78422 57.97768 49.19057 21.94669 21.94669 22.04899 26.0936 42.56606 51.12903 25.57088 7.493235 6.115366 6.115366 6.115366 6.115366 6.115366
582.7195 687.2047 553.5826 379.0678 327.3959 287.3885 185.1549 67.47102 47.04808 38.23888 38.64587 60.95363 79.00029 94.85955 119.1884 127.7709 186.8397 370.5352 316.6865 157.5135 141.3274 110.3987 63.71178 48.72213 53.78788 54.97392 54.60103 52.4892 45.27343 14.63735 13.69644 9.711648 8.508847 8.508847 8.508847 8.508847 8.508847 8.526655 9.085586 13.72118 28.35944 91.40395 213.0009 339.0255 348.6042 333.1995 232.8693 104.2909 39.60765 39.79333 41.84203 44.66877 40.94746 21.94669 21.94669 22.18951 26.44427 38.88227 34.91928 8.172313 6.180559 6.115366 6.115366 6.115366 6.115366 6.115366
356.1166 404.2264 432.5501 403.4764 349.6582 300.5219 237.887 128.3643 62.71345 61.00183 67.37035 80.23783 86.06229 94.71179 112.8695 133.3135 181.5874 298.4442 261.0639 147.803 141.9181 112.1759 60.33752 34.20772 37.34717 40.33094 39.09961 35.48602 33.02962 29.18835 24.75545 14.74745 8.508847 8.508848 8.508848 8.508848 8.508848 8.629905 9.977099 14.82477 23.93427 89.34667 183.034 240.668 193.9395 185.4817 154.7822 86.41975 39.96097 39.34732 39.46099 39.05605 35.12989 21.94669 21.94669 21.98124 25.09041 37.48102 39.96608 16.11247 6.115366 6.115366 6.115366 6.115366 6.115367 6.115366
268.3641 310.9831 349.9341 324.3936 264.8176 245.3758 216.0771 141.6621 91.92384 86.7197 89.4693 89.4677 84.19594 85.5683 95.15452 126.5004 170.518 191.3792 158.3958 146.8557 140.9378 111.4 60.3266 32.06939 32.32883 32.60865 32.49086 32.15907 31.986 30.51308 23.1643 12.21264 8.508847 8.508847 8.508847 8.508848 8.508847 9.786546 18.12932 36.25368 50.04095 72.9079 116.6334 158.3255 170.1288 179.3631 167.8051 109.9639 47.06244 39.33076 39.33076 38.68399 34.67211 21.94669 21.94669 21.94794 23.78359 33.76207 44.46501 29.15001 6.115366 6.115366 6.115366 6.115366 6.115366 6.115366
240.3516 210.7815 213.148 239.0734 253.6079 233.6858 173.7729 140.237 109.164 98.22445 103.0112 97.66514 78.72997 84.57474 97.52518 128.956 173.2777 178.8634 147.1294 143.9465 124.2586 76.44101 35.45565 31.99347 31.99347 31.99347 31.99347 31.99347 31.97412 29.81396 22.37679 12.14072 8.508847 8.508847 8.621015 9.066113 9.264042 11.77129 27.07296 48.36658 55.861 111.7953 151.0133 162.185 175.3485 192.2635 183.5742 132.4608 64.93512 39.33076 39.33076 38.66845 34.5936 21.94669 21.94669 21.94669 22.39458 25.96988 32.22512 24.3568 6.115366 6.115366 6.115366 6.115366 6.115366 6.115366
371.3978 239.0272 229.0772 255.0264 250.7287 195.2572 99.75909 80.70847 64.00388 53.01222 52.84794 50.69106 65.10779 100.9205 122.0935 140.4803 166.7735 164.6191 138.4408 125.7949 86.68041 42.10168 32.08384 31.99347 31.99347 31.99347 31.96783 31.836 31.4035 23.62657 15.66766 10.31337 8.508847 8.58522 10.04594 15.01833 17.75932 16.18797 30.82114 52.96075 69.49599 150.1684 152.4995 153.661 181.6881 210.7655 197.7659 156.1217 85.40392 39.33076 39.33076 38.65865 34.54319 21.94669 21.94669 21.94669 21.97019 21.91716 20.01443 13.03746 6.115366 6.115366 6.115366 6.115366 6.115366 6.115366
296.7564 248.4747 198.4284 136.6958 119.0605 107.3109 61.37008 47.21193 34.75115 28.57343 29.6235 31.46726 37.70125 61.10273 101.44 130.0868 136.6465 122.5165 77.46593 58.38179 40.45071 32.62089 31.99347 31.99347 31.99347 31.97129 31.56255 29.916 27.09076 17.66664 14.15916 10.02428 8.536079 -9999 15.64812 29.60854 -9999 36.55227 40.35214 58.33451 93.48187 135.0063 93.67082 73.81424 142.2298 213.3668 210.8501 174.3623 95.72442 39.33076 39.33076 38.65383 34.51688 21.94669 21.94669 21.94669 21.94669 21.71625 19.46108 12.55364 6.115366 6.115366 6.115366 -9999 6.115366 6.115366
272.8431 246.5691 170.4441 83.82656 73.41809 71.74178 57.48199 46.92816 35.41185 27.37733 28.49331 30.51567 30.95733 31.94387 35.41785 -9999 48.07231 42.22682 31.72034 31.60013 31.48538 31.38965 31.13699 30.98488 31.04477 30.33294 26.62795 20.52556 17.6022 23.02839 30.62532 36.29242 25.89649 14.18462 27.18707 42.14634 42.3036 42.31814 42.56373 42.94385 40.93213 31.8005 30.24217 30.88739 47.2848 115.4043 190.8672 152.9987 68.83459 37.23411 38.18323 38.38702 35.74928 22.211 21.94669 21.94669 21.94669 21.83908 20.19199 13.80585 6.728501 6.115375 6.115366 6.115366 6.115366 6.115366
222.5936 215.3552 150.064 82.7625 68.93708 67.11063 57.48449 47.52795 35.72284 27.13035 29.02071 30.81369 30.83928 30.83928 30.90687 31.2653 31.62714 30.94051 28.34587 27.48768 26.66492 25.97379 24.15292 23.04642 23.51276 22.59061 19.43007 18.0393 19.68117 29.9159 46.72275 59.13672 46.66328 27.88869 29.76832 42.29573 42.3036 42.3036 42.23587 41.38129 38.09163 30.93118 30.41366 29.99503 40.41895 96.36007 176.0527 164.6911 79.95783 30.73344 31.80528 33.47797 34.36492 25.52763 22.51059 21.97225 21.94669 21.91988 20.9542 -9999 8.799924 6.116858 6.115366 6.115366 6.119521 6.142361
135.672 142.8715 147.1896 123.5262 82.7603 67.60896 55.79614 43.37663 31.94792 27.40641 29.27096 30.50682 30.55762 30.75046 30.77127 29.67042 25.34399 20.03999 18.00518 17.92234 17.84304 17.77649 17.60515 17.50088 17.54953 17.56664 17.9803 19.89636 22.24402 36.26652 55.05899 63.63829 59.8174 47.50429 38.00158 42.38832 42.3036 42.3036 42.29898 42.23738 41.88173 38.51926 34.55884 30.88513 34.95277 67.97035 136.85 144.2489 60.66451 30.00618 30.08166 30.70029 33.4039 34.23729 27.57317 22.6025 22.02583 21.94532 21.80414 -9999 -9999 6.129872 6.120926 6.259418 8.380318 9.034947
132.8784 145.561 163.8236 153.8181 114.2338 74.9139 48.61799 34.06298 27.53377 26.79483 27.59138 28.00869 28.46119 30.01541 30.20483 27.04845 21.08616 17.22711 17.05041 17.05041 17.05041 17.05041 17.05041 17.05041 17.13835 17.90634 -9999 -9999 22.9014 39.07801 58.33359 63.97589 63.41005 59.75237 51.22266 43.70662 42.3036 42.3036 42.3036 42.30359 42.29435 42.57485 42.67386 39.93097 34.13618 40.19614 75.00904 84.9623 36.70869 29.98809 29.98809 30.03941 30.47773 31.51174 29.40528 26.38014 22.94501 21.94669 21.88862 20.3657 -9999 6.198489 6.343526 8.743896 31.62936 35.19602
161.7323 156.4153 167.563 162.9429 130.7745 87.50927 39.3499 26.99303 26.45775 26.42188 26.48242 26.62815 27.47737 29.09948 28.17796 22.6591 17.8377 17.05041 17.05041 17.05041 17.05041 17.05041 17.05336 17.07872 17.46596 19.22193 21.85333 22.91634 22.9415 37.82579 56.88865 63.98518 63.95718 63.16151 58.63697 49.13391 42.30359 42.3036 42.30363 42.35714 42.68366 48.39857 56.36114 57.06349 42.86758 30.97481 32.92141 33.60138 30.34231 29.98809 29.98809 29.98918 30.00696 30.07308 29.83797 28.57139 25.16969 22.12012 21.94328 20.78146 14.63811 6.982677 8.042306 19.89961 48.71722 39.32072
231.0393 226.8497 194.3307 166.4665 125.1178 86.59908 48.50286 31.86799 31.83473 30.6429 27.82007 26.6289 27.58666 28.03089 23.78928 18.05947 17.09455 17.05041 17.05041 17.05041 17.05041 17.05485 17.14494 17.58495 18.68676 20.68338 22.62548 22.9415 22.9415 32.26571 50.22849 63.61845 63.98518 63.75694 60.98784 51.74517 42.39137 42.33511 42.6149 43.86736 47.34313 59.86931 63.61887 59.90435 48.21877 35.36032 30.72725 29.99763 29.99335 29.98953 29.98809 29.98809 29.98809 29.98809 29.97994 29.57778 27.39105 23.72304 21.94669 21.12799 16.41919 9.208676 9.228519 24.84749 48.98009 35.87
251.1592 282.1648 258.0772 198.7259 125.0573 90.99496 79.20415 72.76377 73.85109 64.28094 42.85679 31.44599 28.23252 24.36199 19.66844 17.10283 17.05041 17.05041 17.05041 17.05041 17.05175 17.1329 17.85378 20.02261 22.29128 22.76433 22.92013 22.94151 22.94151 26.47959 41.10413 59.87517 63.95119 63.77192 61.66573 -9999 43.07682 42.87354 45.99622 53.49578 61.18957 64.0313 63.60701 62.67257 59.86877 49.25246 34.30871 30.08107 30.0467 30.01447 29.99922 29.99426 29.99034 29.9934 29.99344 29.75859 28.13929 24.5484 21.97252 21.88961 20.92505 16.67288 12.37239 21.26813 48.32862 32.2342
206.1221 221.509 194.2309 160.032 134.8151 115.5674 96.12425 100.9479 109.2013 98.13049 81.31051 65.37678 42.08656 22.84698 17.24354 17.05041 17.05041 17.05041 17.05041 17.05041 17.06308 17.48205 19.40723 22.06995 22.91396 22.9415 22.9415 22.9415 22.9415 24.28736 32.84771 50.86968 63.08624 61.651 57.78677 50.19334 43.228 45.0169 53.65778 63.20108 64.40075 59.4116 52.92002 47.86718 46.05695 41.80965 31.55573 30.1405 30.13659 30.1242 30.09546 30.05485 30.02166 30.04756 30.0493 29.9768 29.16296 26.04858 -9999 21.96043 21.83446 22.00191 26.68365 38.91319 48.73013 34.42141
198.7259 178.5546 159.6587 147.7389 138.4204 133.6249 121.9012 122.2949 130.7592 120.1525 101.4815 86.13734 -9999 35.65031 17.05041 17.05041 17.05041 17.05041 17.05041 17.05041 17.07394 17.57693 19.67062 22.30201 22.91249 22.94151 22.9415 22.9415 22.94151 23.11527 26.98474 42.1714 58.13318 55.99663 50.88652 44.56807 42.40177 44.04414 51.77965 61.8432 62.21991 42.07905 32.05696 31.33573 31.19767 30.92422 30.22733 30.14448 30.14437 30.14364 30.14166 30.13759 30.12875 30.129 30.14178 30.36279 31.13779 30.33847 26.0149 22.73192 22.09823 23.70903 33.81163 47.69724 49.59432 39.1974
374.5296 269.0974 192.9064 158.5343 145.6097 138.4075 131.4343 128.771 122.8493 117.7636 115.795 105.9453 -9999 49.0069 17.05041 17.05041 17.05041 17.05041 17.05041 17.05041 17.05242 17.17581 18.06941 20.37664 22.55947 22.94143 22.9415 22.9415 22.9415 23.02079 26.09601 39.45546 54.87125 53.70916 48.33983 43.90199 42.75348 42.9156 47.15597 53.72203 49.37807 30.97502 30.16933 30.14447 30.14447 30.14448 30.14447 30.14447 30.14448 30.14448 30.14447 30.14439 30.14393 30.14747 30.24427 31.20827 34.47906 37.35849 34.80304 29.26164 24.16932 22.43496 26.27146 38.72184 50.57592 44.74941
466.1062 359.4808 217.0682 183.4176 173.8173 161.4138 111.4242 105.0079 96.83936 94.31348 97.77963 106.863 109.0975 -9999 17.05041 17.05041 17.05041 17.05041 17.05041 17.0504 17.0504 17.05767 17.31855 18.7069 21.25438 22.83634 22.9415 22.9415 22.9415 23.59621 29.00463 43.54063 56.29531 56.16359 55.04223 51.42708 45.17885 41.51731 42.77409 42.93662 38.43732 31.11561 30.14447 30.14447 30.14447 30.14447 30.14447 30.14447 30.14447 30.14447 30.14447 30.14447 30.14447 30.30469 31.21706 34.14331 37.69162 38.65891 38.44762 36.78436 30.67659 23.46713 23.98409 33.4773 51.11933 48.52432
230.9891 273.1962 338.7918 348.5787 272.1346 178.5975 92.07804 92.17847 97.26585 112.8019 122.6017 109.438 -9999 -9999 -9999 17.05041 17.05041 17.05041 17.05041 17.05041 17.05041 17.05041 17.05041 17.22628 19.34117 21.98693 22.9415 22.9415 22.9415 24.50179 33.27898 48.55602 56.43892 56.45293 54.98361 47.71621 38.63912 39.12197 41.69521 50.47414 71.85889 81.24355 64.17546 66.83153 102.4733 99.21672 43.15347 31.29912 30.36584 30.40213 30.78914 32.37663 34.36563 36.53411 38.45176 38.66778 38.71358 38.71358 38.71358 38.67703 37.88279 35.6377 38.87468 48.52673 50.68947 45.41492
188.5927 184.2753 250.9301 336.5997 347.7297 267.2804 97.41272 98.93122 131.4879 219.5665 283.8752 229.6173 170.312 -9999 -9999 20.52073 18.77735 20.75143 18.18357 17.05041 17.05041 17.05041 17.05041 17.06332 17.54653 19.70366 22.4306 22.9415 22.9415 24.51948 33.93094 51.8348 64.01871 71.22139 76.4203 58.64568 36.94324 36.89555 40.4704 55.15025 80.63847 95.5938 113.7008 175.8727 236.7085 203.2132 112.1412 41.92459 32.80148 33.00884 34.23693 37.54987 38.45666 38.59814 38.71118 38.71358 38.71358 38.71358 38.71358 38.71257 38.67571 38.7295 40.51704 46.04239 49.7396 39.91296
175.1381 146.2858 143.4699 197.8724 298.9462 341.0155 169.6978 173.2298 197.396 261.6401 311.226 -9999 -9999 -9999 -9999 -9999 -9999 57.17853 34.11469 19.50262 17.05041 17.05041 17.05041 17.05041 17.31143 -9999 21.46503 22.91463 22.9415 23.50865 33.6685 71.59518 110.3609 106.3527 97.79427 73.99574 44.86857 36.55598 -9999 51.67935 77.88374 98.43297 123.9799 176.7338 206.176 180.9406 120.9058 52.67157 38.27452 38.04131 37.98821 38.47614 38.62343 38.71358 38.71357 38.71358 38.71357 38.71358 -9999 38.97684 40.15008 42.04909 45.54865 54.90678 51.76198 38.56967
192.8167 173.0752 145.294 135.9284 199.0778 311.7646 488.5648 516.5618 458.8032 365.7261 319.4324 333.6566 398.5297 -9999 -9999 75.86115 113.9086 134.7795 95.19597 43.57806 20.20033 17.0785 17.05041 17.05041 17.16838 18.0746 -9999 -9999 -9999 25.78319 41.78876 94.3081 145.8212 132.5101 109.5584 91.46989 66.41349 40.28814 38.54571 52.88444 79.37759 92.47002 80.95611 60.79745 49.93171 48.08262 44.1819 39.67664 38.69581 38.41631 37.37737 36.53595 37.50329 38.71324 38.71357 38.71358 38.71357 38.71357 39.28727 44.27163 58.99755 77.65673 -9999 116.8289 76.77101 42.08205
200.3559 187.4746 160.0782 126.6979 118.387 164.5416 533.7209 552.8581 532.6778 465.802 374.9506 -9999 -9999 -9999 -9999 85.46268 139.044 142.6636 132.3168 99.14151 51.31974 26.50659 24.39201 23.39088 22.12397 20.9016 -9999 32.78511 40.09931 44.55151 67.21877 109.5627 145.7528 141.4285 120.0409 97.82407 75.32863 45.20057 38.79052 53.69444 78.48183 90.29809 83.66055 63.05561 45.63094 46.32973 44.94351 40.96297 38.16728 37.09113 34.42915 32.41552 34.08578 38.31504 38.3294 38.19247 38.14687 38.11157 42.78912 70.62815 114.168 -9999 132.5234 133.5792 117.4763 86.75893
